1
stf01  53  0.483045021591  -1.0
0.0654378980398
0.0371224409
0.0480127204525
0.0763036137513
0.0986607306586
0.118963705901
0.152465292275
0.192452234382
0.194692402178
0.155305366841
0.121309540466
0.110053570339
0.102581180564
0.0852669639989
0.0587062410929
0.0274982878526
0.00171935193789
-0.0126300214171
-0.0219667489398
-0.0311960237969
-0.0403947622875
-0.0467539717177
-0.0466703319276
-0.0403228146776
-0.0319596037506
-0.0235589695627
-0.0159923226783
-0.0109691090095
-0.00831877968439
-0.00727607144193
-0.00729710712601
-0.00853544187589
-0.0114799281336
-0.0156953835178
-0.0184111278422
-0.0179638026532
-0.0146981606942
-0.00941934660403
-0.00392089417258
-0.000328911588825
0.00120451016367
0.00230674451525
0.00439969938109
0.00719533465591
0.00928683804699
0.00967803969412
0.00815831099708
0.0053111460838
0.00232671459166
0.000225694466481
-0.000759162762765
-0.000878042191772
-0.00034480889038
