0
0
0
0
0
0
0
0
0
0
0
0
0
0
0
0
0
0
0
0
0
0
0
0
0
0
0
0
0
0
0
0
0
0
0
0
0
0
0
0
0
0
0
0
0
0
0
0
0
0
0
0
0
0
0
0
0
0
0
0
0
0
0
0
0
0
0
0
0
0
0
0
0
0
0
0
0
0
0
0
0
0
0
0
0
0
0
0
0
0
0
0
0
0
0
0
0
0
0
0
0
0
0
0
0
0
0
0
0
0
0
0
0
0
0
0
0
0
0
0
0
0
0
0
0
0
0
0
0
0
0
0
0
0
0
0
0
0
0
0
0
0
0
0
0
0
0
0
0
0
0
0
0
0
0
0
0
0
0
0
0
0
0
0
0
0
0
0
0
0
0
0
0
0
0
0
0
0
0
0
0
0
0
0
0
0
0
0
0
0
0
0
0
0
0
0
0
0
0
0
0
0
0
0
0
0
0
0
0
0
0
0
0
0
0
0
0
0
0
0
0
0
0
0
0
0
0
0
0
0
0
0
0
0
0
0
0
0
0
0
0
0
0
0
0
0
0
0
0
0
0
0
0
0
0
0
0
0
0
0
0
0
0
0
0
0
0
0
0
0
0
0
0
0
0
0
0
0
0
0
0
0
0
0
0
0
0
0
0
0
0
0
0
0
0
0
0
0
0
0
0
0
0
0
0
0
0
0
0
0
0
0
0
0
0
0
0
0
0
0
0
0
0
0
0
0
0
0
0
0
0
0
0
0
0
0
0
0
0
0
0
0
0
0
0
0
0
0
0
0
0
0
0
0
0
0
0
0
0
0
0
0
0
0
0
0
0
0
0
0
0
0
0
0
0
0
0
0
0
0
0
0
0
0
0
0
0
0
0
0
0
0
0
0
0
0
0
0
0
0
0
0
0
0
0
0
0
0
0
0
0
0
0
0
0
0
0
0
0
0
0
0
0
0
0
0
0
0
0
0
0
0
0
0
0
0
0
0
0
0
0
0
0
0
0
0
0
0
0
0
0
0
0
0
0
0
0
0
0
0
0
0
0
0
0
0
0
0
0
0
0
0
0
0
0
0
0
0
0
0
0
0
0
0
0
0
0
0
0
0
0
0
0
0
0
0
0
0
0
0
0
0
0
0
0
0
0
0
0
0
0
0
0
0
0
0
0
0
0
0
0
0
0
0
0
0
0
0
0
0
0
0
0
0
0
0
0
0
0
0
0
0
0
0
0
0
0
0
0
0
0
0
0
0
0
0
0
0
0
0
0
0
0
0
0
0
0
0
0
0
0
0
0
0
0
0
0
0
0
0
0
0
0
0
0
0
0
0
0
0
0
0
0
0
0
0
0
0
0
0
0
0
0
0
0
0
0
0
0
0
0
0
0
0
0
0
0
0
0
0
0
0
0
0
0
0
0
0
0
0
0
0
0
0
0
0
0
0
0
0
0
0
0
0
0
0
0
0
0
0
0
0
0
0
0
0
0
0
0
0
0
0
0
0
0
0
0
0
0
0
0
0
0
0
0
0
0
0
0
0
0
0
0
0
0
0
0
0
0
0
0
0
0
0
0
0
0
0
0
0
0
0
0
0
0
0
0
0
0
0
0
0
0
0
0
0
0
0
0
0
0
0
0
0
0
0
0
0
0
0
0
0
0
0
0
0
0
0
0
0
0
0
0
0
0
0
0
0
0
0
0
0
0
0
0
0
0
0
0
0
0
0
0
0
0
0
0
0
0
0
0
0
0
0
0
0
0
0
0
0
0
0
0
2.47604e-11
-7854.81
-15706.9
-23512.8
-31228.8
-38811
-46216.4
-53402.1
-60326.9
-66950.2
-73233.4
-79140.4
-84636.4
-89689.6
-94270.9
-98354.6
-101918
-104942
-107411
-109313
-110642
-111393
-111568
-111171
-110213
-108707
-106670
-104127
-101273
-98289.8
-95178
-91937.3
-88568.9
-85072.4
-81449.7
-77701.1
-73827.3
-69830.2
-65710.8
-61470.5
-57110.9
-52634.1
-48041.7
-43336.1
-38519
-33593.4
-28561.6
-23426.1
-18190
-12856.1
-7427.83
-1908.24
3698.93
9390.44
15162.4
21010.8
26931.6
32920.8
38974.1
45086.3
51253.8
57471.2
63734.1
70037.1
76375.2
82743.3
89136
95547.8
101973
108406
114841
121273
127695
134101
140485
146842
153164
159446
165681
171863
177985
184042
190026
195931
201752
207480
213110
218636
224051
229349
234523
239566
244474
249240
253858
258321
262624
266761
270727
274515
278121
281539
284764
287790
290614
293230
295634
297822
299789
301531
303045
304326
305373
306180
306747
307069
307145
306971
306547
305871
304940
303754
302312
300613
298657
296442
293971
291243
288258
285017
281523
277775
273777
269529
265035
260297
255317
250099
244647
238964
233054
226920
220569
214004
207230
200253
193078
185711
178158
170424
162517
154443
146208
137820
129286
120614
111810
102883
93840
84689.6
75439.9
66099
56675.7
47178.2
37615.4
27995.4
18327.7
8620.55
-1116.08
-10874.7
-20644.9
-30418.5
-40186.4
-49938.9
-59667.4
-69363
-79016.1
-88618.4
-98160.6
-107634
-117029
-126338
-135552
-144662
-153659
-162537
-171285
-179897
-188364
-196679
-204834
-212821
-220634
-228265
-235707
-242955
-250000
-256838
-263462
-269867
-276046
-281995
-287710
-293184
-298413
-303394
-308122
-312594
-316806
-320755
-324439
-327854
-330999
-333871
-336469
-338792
-340838
-342606
-344096
-345308
-346242
-346898
-347276
-347378
-347205
-346758
-346039
-345050
-343793
-342270
-340485
-338441
-336140
-333586
-330783
-327734
-324445
-320919
-317161
-313176
-308968
-304543
-299907
-295064
-290020
-284782
-279355
-273745
-267959
-262003
-255883
-249607
-243180
-236610
-229903
-223067
-216108
-209033
-201851
-194566
-187188
-179723
-172178
-164561
-156878
-149138
-141347
-133512
-125641
-117741
-109818
-101881
-93934.5
-85987.1
-78045.3
-70116
-62205.4
-54320.3
-46467.2
-38652.8
-30882.6
-23163.1
-15500.9
-7901.23
-370.019
7086.79
14463.9
21756
28957.8
36064.1
43069.8
49970.7
56761.5
63438.2
69996.2
76431.7
82740.4
88918.5
94962.6
100869
106635
112256
117731
123056
128229
133247
138108
142810
147351
151730
155944
159993
163875
167590
171136
174512
177719
180756
183623
186319
188844
191200
193387
195404
197254
198936
200451
201802
202988
204012
204875
205579
206125
206516
206753
206838
206774
206564
206208
205711
205074
204301
203393
202355
201188
199896
198483
196950
195301
193540
191669
189693
187614
185436
183162
180796
178341
175801
173179
170479
167705
164859
161946
158969
155932
152838
149691
146494
143251
139965
136640
133279
129885
126463
123014
119544
116053
112547
109028
105499
101963
98422.7
94882
91343.1
87808.6
84281.5
80764.9
77260.6
73772.1
70300.6
66849.6
63420.7
60016.4
56639.1
53290.6
49973.1
46688.5
43438.7
40225.3
37050.3
33915.3
30821.6
27771.3
24765.2
21805
18891.8
16027
13211.6
10446.8
7733.34
5072.21
2464.54
-89.6192
-2588.78
-5032.84
-7420.73
-9752.71
-12027.7
-14245.7
-16405.9
-18508.8
-20553.6
-22540.8
-24469.8
-26341.2
-28154.5
-29910.1
-31608.2
-33248.8
-34832.5
-36359.4
-37830.1
-39245.1
-40604.6
-41909
-43159.3
-44356
-45499.7
-46590.8
-47630.7
-48619.3
-49558
-50447.8
-51288.5
-52082.2
-52829
-53530.2
-54186.4
-54798.8
-55368.5
-55896.5
-56383.2
-56830.5
-57238.5
-57608.9
-57942.7
-58240.6
-58504
-58733.8
-58930.7
-59096.4
-59231.9
-59337.4
-59415.3
-59465.6
-59489.7
-59488.4
-59462.8
-59414.3
-59343.5
-59251.6
-59139.7
-59008
-58858.5
-58691.3
-58507.8
-58308.8
-58095.4
-57868.2
-57628.2
-57375.9
-57112.9
-56839.2
-56556.3
-56264.9
-55965.1
-55658.2
-55345.1
-55026
-54702.1
-54374
-54042
-53707.2
-53369.7
-53030.8
-52690.3
-52349.6
-52008.9
-51668.7
-51329.1
-50991.6
-50655.7
-50322.3
-49991.7
-49664.4
-49340.8
-49020.9
-48705.6
-48394.8
-48089.2
-47788.4
-47493.4
-47203.5
-46919.9
-46642
-46370.4
-46104.9
-45845.9
-45593.1
-45346.8
-45106.9
-44873.4
-44646.4
-44425.5
-44210.9
-44002.3
-43799.6
-43602.7
-43411.3
-43225.1
-43044.2
-42868.3
-42696.4
-42529.2
-42365.7
-42205.7
-42048.8
-41894.7
-41742.9
-41593
-41444.5
-41297.1
-41150.3
-41003.3
-40855.8
-40638.5
-40283.2
-39791.3
-39165.4
-38407.9
-37522.1
-36511.4
-35380.6
-34134
-32777.2
-31315.5
-29755.3
-28103.3
-26366.7
-24552.8
-22670
-20726.5
-18730.8
-16692.4
-14620.2
-12524.2
-10413.9
-8299.33
-6190.54
-4097.67
-2030.8
6.34496e-12
0
0
0
0
0
0
0
0
0
0
0
0
0
0
0
0
0
0
0
0
0
0
0
0
0
0
0
0
0
0
0
0
0
0
0
0
0
0
0
0
0
0
0
0
0
0
0
0
0
0
0
0
0
0
0
0
0
0
0
0
0
0
0
0
0
0
0
0
0
0
0
0
0
0
0
0
0
0
0
0
0
0
0
0
0
0
0
0
0
0
0
0
0
0
0
0
0
0
0
0
0
0
0
0
0
0
0
0
0
0
0
0
0
0
0
0
0
0
0
0
0
0
0
0
0
0
0
0
0
0
0
0
0
0
0
0
0
0
0
0
0
0
0
0
0
0
0
0
0
0
0
0
0
0
0
0
0
0
0
0
0
0
0
0
0
0
0
0
0
0
0
0
0
0
0
0
0
0
0
0
0
0
0
0
0
0
0
0
0
0
0
0
0
0
0
0
0
0
0
0
0
0
0
0
0
0
0
0
0
0
0
0
0
0
0
0
0
0
0
0
0
0
0
0
0
0
0
0
0
0
0
0
0
0
0
0
0
0
0
0
0
0
0
0
0
0
0
0
0
0
0
0
0
0
0
0
0
0
0
0
0
0
0
0
0
0
0
0
0
0
0
0
0
0
0
0
0
0
0
0
0
0
0
0
0
0
0
0
0
0
0
0
0
0
0
0
0
0
0
0
0
0
0
0
0
0
0
0
0
0
0
0
0
0
0
0
0
0
0
0
0
0
0
0
0
0
0
0
0
0
0
0
0
0
0
0
0
0
0
0
0
0
0
0
0
0
0
0
0
0
0
0
0
0
0
0
0
0
0
0
0
0
0
0
0
0
0
0
0
0
0
0
0
0
0
0
0
0
0
0
0
0
0
0
0
0
0
0
0
0
0
0
0
0
0
0
0
0
0
0
0
0
0
0
0
0
0
0
0
0
0
0
0
0
0
0
0
0
0
0
0
0
0
0
0
0
0
0
0
0
0
0
0
0
0
0
0
0
0
0
0
0
0
0
0
0
0
0
0
0
0
0
0
0
0
0
0
0
0
0
0
0
0
0
0
0
0
0
0
0
0
0
0
0
0
0
0
0
0
0
0
0
0
0
0
0
0
0
0
0
0
0
0
0
0
0
0
0
0
0
0
0
0
0
0
0
0
0
0
0
0
0
0
0
0
0
0
0
0
0
0
0
0
0
0
0
0
0
0
0
0
0
0
0
0
0
0
0
0
0
0
0
0
0
0
0
0
0
0
0
0
0
0
0
0
0
0
0
0
0
0
0
0
0
0
0
0
0
0
0
0
0
0
0
0
0
0
0
0
0
0
0
0
0
0
0
0
0
0
0
0
0
0
0
0
0
0
0
0
0
0
0
0
0
0
0
0
0
0
0
0
0
0
0
0
0
0
0
0
0
0
0
0
0
0
0
0
0
0
0
0
0
0
0
0
0
0
0
0
0
0
0
0
0
0
0
0
0
0
0
0
0
0
0
0
0
0
0
0
0
0
0
0
0
0
0
0
0
0
0
0
0
0
0
0
0
0
0
0
0
0
0
0
0
0
0
0
0
0
0
0
0
0
0
0
0
0
0
0
0
0
0
0
0
0
0
0
0
0
0
0
0
0
0
0
0
0
0
0
0
0
0
0
0
0
0
0
0
0
0
0
0
0
0
0
0
0
0
0
0
0
0
0
0
0
0
0
0
0
0
0
0
0
0
0
0
0
0
0
0
0
0
0
0
0
0
0
0
0
0
0
0
0
0
0
0
0
0
0
0
0
0
0
0
0
0
0
0
0
0
0
0
0
0
0
0
0
0
0
0
0
0
0
0
0
0
0
0
0
0
0
0
0
0
0
0
0
0
0
0
0
0
0
0
0
0
0
0
0
0
0
0
0
0
0
0
0
0
0
0
0
0
0
0
0
0
0
0
0
0
0
0
0
0
0
0
0
0
0
0
0
0
0
0
0
0
0
0
0
0
0
0
0
0
0
0
0
0
0
0
0
0
0
0
0
0
0
0
0
0
0
0
0
0
0
0
0
0
0
0
0
0
0
0
0
0
0
0
0
0
0
0
0
0
0
0
0
0
0
0
0
0
0
0
0
0
0
0
0
0
0
0
0
0
0
0
0
0
0
0
0
0
0
0
0
0
0
0
0
0
0
0
0
0
0
0
0
0
0
0
0
0
0
0
0
0
0
0
0
0
0
0
0
0
0
0
0
0
0
0
0
0
0
0
0
0
0
0
0
0
0
0
0
0
0
0
0
0
0
0
0
0
0
0
0
0
0
0
0
0
0
0
0
0
0
0
0
0
0
0
0
0
0
0
0
0
0
0
0
0
0
0
0
0
0
0
0
0
0
0
0
0
0
0
0
0
0
0
0
0
0
0
0
0
0
0
0
0
0
0
0
0
0
0
0
0
0
0
0
0
0
0
0
0
0
0
0
0
0
0
0
0
0
0
0
0
0
0
0
0
0
0
0
0
0
0
0
0
0
0
0
0
0
0
0
0
0
0
0
0
0
0
0
0
0
0
0
0
0
0
0
0
0
0
0
0
0
0
0
0
0
0
0
0
0
0
0
0
0
0
0
0
0
0
0
0
0
0
0
0
0
0
0
0
0
0
0
0
0
0
0
0
0
0
0
0
0
0
0
0
0
0
0
0
0
0
0
0
0
0
0
0
0
0
0
0
0
0
0
0
0
0
0
0
0
0
0
0
0
0
0
0
0
0
0
0
0
0
0
0
0
0
0
0
0
0
0
0
0
0
0
0
0
0
0
0
0
0
0
0
0
0
0
0
0
0
0
0
0
0
0
0
0
0
0
0
0
0
0
0
0
0
0
0
0
0
0
0
0
0
0
0
0
0
0
0
0
0
0
0
0
0
0
0
0
0
0
0
0
0
0
0
0
0
0
0
0
0
0
0
0
0
0
0
0
0
0
0
0
0
0
0
0
0
0
0
0
0
0
0
0
0
0
0
0
0
0
0
0
0
0
0
0
0
0
0
0
0
0
0
0
0
0
0
0
0
0
0
0
0
0
0
0
0
0
0
0
0
0
0
0
0
0
0
0
0
0
0
0
0
0
0
0
0
0
0
0
0
0
0
0
0
0
0
0
0
0
0
0
0
0
0
0
0
0
0
0
0
0
0
0
0
0
0
0
0
0
0
0
0
0
0
0
0
0
0
0
0
0
0
0
0
0
0
0
0
0
0
0
0
0
0
0
0
0
0
0
0
0
0
0
0
0
0
0
0
0
0
0
0
0
0
0
0
0
0
0
0
0
0
0
0
0
0
0
0
0
0
0
0
0
0
0
0
0
0
0
0
0
0
0
0
0
0
0
0
0
0
0
0
0
0
0
0
0
0
0
0
0
0
0
0
0
0
0
0
0
0
0
0
0
0
0
0
0
0
0
0
0
0
0
0
0
0
0
0
0
0
0
0
0
0
0
0
0
0
0
0
0
0
0
0
0
0
0
0
0
0
0
0
0
0
0
0
0
0
0
0
0
0
0
0
0
0
0
0
0
0
0
0
0
0
0
0
0
0
0
0
0
0
0
0
0
0
0
0
0
0
0
0
0
0
0
0
0
0
0
0
0
0
0
0
0
0
0
0
0
0
0
0
0
0
0
0
0
0
0
0
0
0
0
0
0
0
0
0
0
0
0
0
0
0
0
0
0
0
0
0
0
0
0
0
0
0
0
0
0
0
0
0
0
0
0
0
0
0
0
0
0
0
0
0
0
0
0
0
0
0
0
0
0
0
0
0
0
0
0
0
0
0
0
0
0
0
0
0
0
0
0
0
0
0
0
0
0
0
0
0
0
0
0
0
0
0
0
0
0
0
0
0
0
0
0
0
0
0
0
0
0

