1        I       80.0     00.0    0.0    0.0
2        I       80.0     30.0    0.0    0.0
3        I       80.0     60.0    0.0    0.0
4        I       80.0     90.0    0.0    0.0
5        I       80.0     120.0    0.0    0.0
6        I       80.0     150.0    0.0    0.0
7        I       80.0     180.0    0.0    0.0
8        I       80.0     210.0    0.0    0.0
9        I       80.0     240.0    0.0    0.0
10        I       80.0     270.0    0.0    0.0
11        I       80.0     300.0    0.0    0.0
12        I       80.0     330.0    0.0    0.0
13        I       60.0     00.0    0.0    0.0
14        I       60.0     30.0    0.0    0.0
15        I       60.0     60.0    0.0    0.0
16        I       60.0     90.0    0.0    0.0
17        I       60.0     120.0    0.0    0.0
18        I       60.0     150.0    0.0    0.0
19        I       60.0     180.0    0.0    0.0
20        I       60.0     210.0    0.0    0.0
21        I       60.0     240.0    0.0    0.0
22        I       60.0     270.0    0.0    0.0
23        I       60.0     300.0    0.0    0.0
24        I       60.0     330.0    0.0    0.0
25        I       40.0     00.0    0.0    0.0
26        I       40.0     30.0    0.0    0.0
27        I       40.0     60.0    0.0    0.0
28        I       40.0     90.0    0.0    0.0
29        I       40.0     120.0    0.0    0.0
30        I       40.0     150.0    0.0    0.0
31        I       40.0     180.0    0.0    0.0
32        I       40.0     210.0    0.0    0.0
33        I       40.0     240.0    0.0    0.0
34        I       40.0     270.0    0.0    0.0
35        I       40.0     300.0    0.0    0.0
36        I       40.0     330.0    0.0    0.0
37        I       20.0     00.0    0.0    0.0
38        I       20.0     30.0    0.0    0.0
39        I       20.0     60.0    0.0    0.0
40        I       20.0     90.0    0.0    0.0
41        I       20.0     120.0    0.0    0.0
42        I       20.0     150.0    0.0    0.0
43        I       20.0     180.0    0.0    0.0
44        I       20.0     210.0    0.0    0.0
45        I       20.0     240.0    0.0    0.0
46        I       20.0     270.0    0.0    0.0
47        I       20.0     300.0    0.0    0.0
48        I       20.0     330.0    0.0    0.0
49        I       00.0     00.0    0.0    0.0
50        I       00.0     30.0    0.0    0.0
51        I       00.0     60.0    0.0    0.0
52        I       00.0     90.0    0.0    0.0
53        I       00.0     120.0    0.0    0.0
54        I       00.0     150.0    0.0    0.0
55        I       00.0     180.0    0.0    0.0
56        I       00.0     210.0    0.0    0.0
57        I       00.0     240.0    0.0    0.0
58        I       00.0     270.0    0.0    0.0
59        I       00.0     300.0    0.0    0.0
60        I       00.0     330.0    0.0    0.0
61        I       -20.0     00.0    0.0    0.0
62        I       -20.0     30.0    0.0    0.0
63        I       -20.0     60.0    0.0    0.0
64        I       -20.0     90.0    0.0    0.0
65        I       -20.0     120.0    0.0    0.0
66        I       -20.0     150.0    0.0    0.0
67        I       -20.0     180.0    0.0    0.0
68        I       -20.0     210.0    0.0    0.0
69        I       -20.0     240.0    0.0    0.0
70        I       -20.0     270.0    0.0    0.0
71        I       -20.0     300.0    0.0    0.0
72        I       -20.0     330.0    0.0    0.0
73        I       -40.0     00.0    0.0    0.0
74        I       -40.0     30.0    0.0    0.0
75        I       -40.0     60.0    0.0    0.0
76        I       -40.0     90.0    0.0    0.0
77        I       -40.0     120.0    0.0    0.0
78        I       -40.0     150.0    0.0    0.0
79        I       -40.0     180.0    0.0    0.0
80        I       -40.0     210.0    0.0    0.0
81        I       -40.0     240.0    0.0    0.0
82        I       -40.0     270.0    0.0    0.0
83        I       -40.0     300.0    0.0    0.0
84        I       -40.0     330.0    0.0    0.0
85        I       -60.0     00.0    0.0    0.0
86        I       -60.0     30.0    0.0    0.0
87        I       -60.0     60.0    0.0    0.0
88        I       -60.0     90.0    0.0    0.0
89        I       -60.0     120.0    0.0    0.0
90        I       -60.0     150.0    0.0    0.0
91        I       -60.0     180.0    0.0    0.0
92        I       -60.0     210.0    0.0    0.0
93        I       -60.0     240.0    0.0    0.0
94        I       -60.0     270.0    0.0    0.0
95        I       -60.0     300.0    0.0    0.0
96        I       -60.0     330.0    0.0    0.0
97        I       -80.0     00.0    0.0    0.0
98        I       -80.0     30.0    0.0    0.0
99        I       -80.0     60.0    0.0    0.0
100        I       -80.0     90.0    0.0    0.0
101        I       -80.0     120.0    0.0    0.0
102        I       -80.0     150.0    0.0    0.0
103        I       -80.0     180.0    0.0    0.0
104        I       -80.0     210.0    0.0    0.0
105        I       -80.0     240.0    0.0    0.0
106        I       -80.0     270.0    0.0    0.0
107        I       -80.0     300.0    0.0    0.0
108        I       -80.0     330.0    0.0    0.0


